-2.205930000000000071e-05
3.566070000000000177e-03
-1.605430000000000051e-02
2.916109999999999969e-03
1.391460000000000057e-05
6.129479999999999651e-03
1.222659999999999979e-03
-1.321109999999999906e-03
2.853050000000000204e-03
3.322050000000000003e-03
3.664390000000000008e-03
5.373980000000000206e-04
-1.275660000000000075e-03
1.597099999999999952e-03
-3.209529999999999935e-03
-4.543130000000000258e-03
1.459950000000000006e-03
4.167510000000000138e-03
8.295410000000000457e-04
2.464650000000000087e-03
1.427190000000000056e-03
6.819219999999999535e-04
-1.338409999999999947e-04
-1.158900000000000034e-03
1.877659999999999963e-03
-6.762689999999999587e-04
-3.815369999999999786e-03
-2.821950000000000153e-03
-1.971440000000000085e-03
-2.706619999999999859e-03
2.919940000000000209e-03
9.795629999999999182e-04
-2.293159999999999817e-03
7.373220000000000533e-05
-6.587929999999999654e-04
1.349909999999999955e-04
