-1.923670000000000100e-04
4.160319999999999990e-02
4.061429999999999901e-02
5.877679999999999710e-03
-4.482179999999999671e-03
2.094900000000000017e-04
1.392870000000000046e-03
5.137150000000000050e-03
3.355869999999999947e-03
1.129290000000000025e-03
1.068659999999999922e-02
-8.976200000000000151e-03
4.048880000000000361e-03
1.987609999999999898e-04
-6.071390000000000294e-03
-9.574559999999999755e-04
1.300690000000000006e-02
-1.657899999999999912e-03
-1.051360000000000044e-04
5.590020000000000232e-03
4.319739999999999865e-03
5.452830000000000307e-04
-1.531859999999999906e-03
-7.556620000000000437e-04
-2.291299999999999967e-04
4.118899999999999992e-03
-2.848929999999999952e-03
-1.630189999999999894e-03
-1.811249999999999980e-04
6.396150000000000078e-05
2.418990000000000203e-03
8.796729999999999133e-03
-2.302289999999999805e-03
6.924439999999999588e-04
1.818820000000000072e-03
1.022120000000000060e-03
