1.028379999999999935e-04
-6.104240000000000360e-03
5.775140000000000134e-02
-3.935590000000000095e-03
6.550749999999999715e-04
1.218209999999999953e-03
-1.740819999999999911e-04
-1.241240000000000008e-03
5.922959999999999683e-04
3.889130000000000191e-03
6.150599999999999991e-03
8.064800000000000441e-04
2.431969999999999878e-03
2.880100000000000021e-03
-1.588840000000000001e-03
-2.289039999999999998e-03
3.060199999999999899e-03
5.387030000000000117e-03
3.558319999999999908e-04
-5.393919999999999748e-04
9.874289999999999543e-04
1.227910000000000026e-03
-5.616220000000000110e-04
1.391539999999999921e-03
5.454999999999999780e-04
1.146920000000000057e-03
7.232630000000000309e-04
-3.240770000000000022e-03
-2.838069999999999829e-03
-5.050350000000000325e-04
1.488399999999999966e-03
2.230619999999999999e-03
-1.197640000000000033e-03
6.417210000000000177e-05
-1.241169999999999990e-03
-2.451970000000000039e-04
